<?xml version="1.0" encoding="utf-8"?>
<COLLADA xmlns="http://www.collada.org/2005/11/COLLADASchema" version="1.4.1">
  <asset>
    <contributor>
      <author>Mixamo</author>
      <authoring_tool>COLLADA Mixamo exporter</authoring_tool>
      <comments/>
    </contributor>
    <created>2026-03-16T09:15:46Z</created>
    <modified>2026-03-16T09:15:46Z</modified>
    <revision/>
    <title/>
    <unit meter="0.010000"/>
    <up_axis>Y_UP</up_axis>
  </asset>
  <library_animations>
    <animation id="mixamorig_Hips-anim" name="mixamorig_Hips">
      <source id="mixamorig_Hips-Matrix-animation-input">
        <float_array id="mixamorig_Hips-Matrix-animation-input-array" count="298">

0.000000 0.033333 0.066667 0.100000 0.133333 0.166667 0.200000 0.233333 0.266667 0.300000 0.333333 0.366667 0.400000 0.433333 0.466667 0.500000
0.533333 0.566667 0.600000 0.633333 0.666667 0.700000 0.733333 0.766667 0.800000 0.833333 0.866667 0.900000 0.933333 0.966667 1.000000 1.033333
1.066667 1.100000 1.133333 1.166667 1.200000 1.233333 1.266667 1.300000 1.333333 1.366667 1.400000 1.433333 1.466667 1.500000 1.533333 1.566667
1.600000 1.633333 1.666667 1.700000 1.733333 1.766667 1.800000 1.833333 1.866667 1.900000 1.933333 1.966667 2.000000 2.033333 2.066667 2.100000
2.133333 2.166667 2.200000 2.233333 2.266667 2.300000 2.333333 2.366667 2.400000 2.433333 2.466667 2.500000 2.533333 2.566667 2.600000 2.633333
2.666667 2.700000 2.733333 2.766667 2.800000 2.833333 2.866667 2.900000 2.933333 2.966667 3.000000 3.033333 3.066667 3.100000 3.133333 3.166667
3.200000 3.233333 3.266667 3.300000 3.333333 3.366667 3.400000 3.433333 3.466667 3.500000 3.533333 3.566667 3.600000 3.633333 3.666667 3.700000
3.733333 3.766667 3.800000 3.833333 3.866667 3.900000 3.933333 3.966667 4.000000 4.033333 4.066667 4.100000 4.133333 4.166667 4.200000 4.233333
4.266667 4.300000 4.333333 4.366667 4.400000 4.433333 4.466667 4.500000 4.533333 4.566667 4.600000 4.633333 4.666667 4.700000 4.733333 4.766667
4.800000 4.833333 4.866667 4.900000 4.933333 4.966667 5.000000 5.033333 5.066667 5.100000 5.133333 5.166667 5.200000 5.233333 5.266667 5.300000
5.333333 5.366667 5.400000 5.433333 5.466667 5.500000 5.533333 5.566667 5.600000 5.633333 5.666667 5.700000 5.733333 5.766667 5.800000 5.833333
5.866667 5.900000 5.933333 5.966667 6.000000 6.033333 6.066667 6.100000 6.133333 6.166667 6.200000 6.233333 6.266667 6.300000 6.333333 6.366667
6.400000 6.433333 6.466667 6.500000 6.533333 6.566667 6.600000 6.633333 6.666667 6.700000 6.733333 6.766667 6.800000 6.833333 6.866667 6.900000
6.933333 6.966667 7.000000 7.033333 7.066667 7.100000 7.133333 7.166667 7.200000 7.233333 7.266667 7.300000 7.333333 7.366667 7.400000 7.433333
7.466667 7.500000 7.533333 7.566667 7.600000 7.633333 7.666667 7.700000 7.733333 7.766667 7.800000 7.833333 7.866667 7.900000 7.933333 7.966667
8.000000 8.033333 8.066667 8.100000 8.133333 8.166667 8.200000 8.233333 8.266667 8.300000 8.333333 8.366667 8.400000 8.433333 8.466667 8.500000
8.533333 8.566667 8.600000 8.633333 8.666667 8.700000 8.733333 8.766667 8.800000 8.833333 8.866667 8.900000 8.933333 8.966667 9.000000 9.033333
9.066667 9.100000 9.133333 9.166667 9.200000 9.233333 9.266667 9.300000 9.333333 9.366667 9.400000 9.433333 9.466667 9.500000 9.533333 9.566667
9.600000 9.633333 9.666667 9.700000 9.733333 9.766667 9.800000 9.833333 9.866667 9.900000</float_array>
        <technique_common>
          <accessor source="#mixamorig_Hips-Matrix-animation-input-array" count="298">
            <param name="TIME" type="float"/>
          </accessor>
        </technique_common>
      </source>
      <source id="mixamorig_Hips-Matrix-animation-output-transform">
        <float_array id="mixamorig_Hips-Matrix-animation-output-transform-array" count="4768">

0.999807 0.019548 -0.001821 0.147900 -0.019493 0.999458 0.026546 82.958786 0.002339 -0.026505 0.999646 0.633029 0.000000 0.000000 0.000000 1.000000
0.999771 0.021290 -0.002089 0.300071 -0.021226 0.999412 0.026937 82.925079 0.002661 -0.026886 0.999635 0.601173 0.000000 0.000000 0.000000 1.000000
0.999738 0.022796 -0.002083 0.444908 -0.022731 0.999365 0.027446 82.904060 0.002707 -0.027391 0.999621 0.602217 0.000000 0.000000 0.000000 1.000000
0.999712 0.023932 -0.001765 0.577388 -0.023872 0.999317 0.028190 82.893448 0.002438 -0.028140 0.999601 0.634569 0.000000 0.000000 0.000000 1.000000
0.999692 0.024796 -0.001203 0.697133 -0.024750 0.999269 0.029149 82.882095 0.001925 -0.029110 0.999574 0.683109 0.000000 0.000000 0.000000 1.000000
0.999670 0.025689 -0.000519 0.807621 -0.025662 0.999215 0.030172 82.854240 0.001293 -0.030149 0.999545 0.727466 0.000000 0.000000 0.000000 1.000000
0.999641 0.026798 0.000293 0.909180 -0.026795 0.999155 0.031156 82.806221 0.000542 -0.031153 0.999514 0.768391 0.000000 0.000000 0.000000 1.000000
0.999605 0.028096 0.001126 1.001274 -0.028117 0.999090 0.032077 82.741653 -0.000224 -0.032096 0.999485 0.805567 0.000000 0.000000 0.000000 1.000000
0.999565 0.029444 0.001900 1.082937 -0.029490 0.999022 0.032934 82.665916 -0.000929 -0.032976 0.999456 0.839519 0.000000 0.000000 0.000000 1.000000
0.999526 0.030686 0.002574 1.153034 -0.030756 0.998958 0.033725 82.584000 -0.001537 -0.033789 0.999428 0.870893 0.000000 0.000000 0.000000 1.000000
0.999493 0.031683 0.003147 1.210407 -0.031773 0.998902 0.034438 82.499664 -0.002053 -0.034520 0.999402 0.900202 0.000000 0.000000 0.000000 1.000000
0.999470 0.032360 0.003626 1.254046 -0.032468 0.998859 0.035026 82.415077 -0.002489 -0.035125 0.999380 0.927422 0.000000 0.000000 0.000000 1.000000
0.999454 0.032812 0.003999 1.283768 -0.032933 0.998827 0.035490 82.330681 -0.002829 -0.035602 0.999362 0.952175 0.000000 0.000000 0.000000 1.000000
0.999442 0.033127 0.004195 1.301330 -0.033256 0.998804 0.035833 82.246399 -0.003003 -0.035953 0.999349 0.973796 0.000000 0.000000 0.000000 1.000000
0.999434 0.033390 0.004158 1.309299 -0.033519 0.998787 0.036072 82.162521 -0.002949 -0.036191 0.999341 0.991518 0.000000 0.000000 0.000000 1.000000
0.999426 0.033670 0.003859 1.310524 -0.033787 0.998772 0.036235 82.080032 -0.002634 -0.036345 0.999336 1.004542 0.000000 0.000000 0.000000 1.000000
0.999417 0.033983 0.003286 1.306820 -0.034080 0.998758 0.036345 82.001717 -0.002046 -0.036436 0.999334 1.011983 0.000000 0.000000 0.000000 1.000000
0.999407 0.034324 0.002563 1.298207 -0.034395 0.998743 0.036466 81.931740 -0.001308 -0.036532 0.999332 1.013816 0.000000 0.000000 0.000000 1.000000
0.999396 0.034712 0.001816 1.284605 -0.034756 0.998722 0.036690 81.872757 -0.000540 -0.036731 0.999325 1.011304 0.000000 0.000000 0.000000 1.000000
0.999381 0.035170 0.001143 1.266104 -0.035188 0.998692 0.037092 81.825630 0.000163 -0.037109 0.999311 1.006588 0.000000 0.000000 0.000000 1.000000
0.999362 0.035713 0.000603 1.242984 -0.035710 0.998650 0.037726 81.789261 0.000745 -0.037723 0.999288 1.002466 0.000000 0.000000 0.000000 1.000000
0.999339 0.036344 0.000203 1.215429 -0.036325 0.998593 0.038624 81.760277 0.001201 -0.038606 0.999254 1.002173 0.000000 0.000000 0.000000 1.000000
0.999315 0.037008 -0.000111 1.183199 -0.036974 0.998527 0.039714 81.733032 0.001580 -0.039682 0.999211 1.006674 0.000000 0.000000 0.000000 1.000000
0.999292 0.037616 -0.000379 1.145967 -0.037569 0.998456 0.040909 81.702370 0.001917 -0.040866 0.999163 1.014864 0.000000 0.000000 0.000000 1.000000
0.999274 0.038082 -0.000642 1.103322 -0.038021 0.998389 0.042118 81.665749 0.002245 -0.042064 0.999112 1.024768 0.000000 0.000000 0.000000 1.000000
0.999264 0.038335 -0.000942 1.054868 -0.038259 0.998331 0.043259 81.623978 0.002599 -0.043191 0.999063 1.034122 0.000000 0.000000 0.000000 1.000000
0.999264 0.038325 -0.001300 1.000685 -0.038230 0.998286 0.044316 81.583382 0.002997 -0.044234 0.999017 1.041829 0.000000 0.000000 0.000000 1.000000
0.999271 0.038136 -0.001684 0.941046 -0.038021 0.998246 0.045377 81.551010 0.003412 -0.045280 0.998969 1.048844 0.000000 0.000000 0.000000 1.000000
0.999281 0.037866 -0.002046 0.876564 -0.037730 0.998205 0.046507 81.528755 0.003803 -0.046397 0.998916 1.056082 0.000000 0.000000 0.000000 1.000000
0.999290 0.037605 -0.002340 0.807826 -0.037451 0.998159 0.047712 81.514656 0.004130 -0.047590 0.998858 1.063767 0.000000 0.000000 0.000000 1.000000
0.999296 0.037433 -0.002537 0.735286 -0.037264 0.998107 0.048930 81.503395 0.004364 -0.048801 0.998799 1.071266 0.000000 0.000000 0.000000 1.000000
0.999297 0.037393 -0.002623 0.659147 -0.037215 0.998053 0.050045 81.487473 0.004489 -0.049912 0.998744 1.076955 0.000000 0.000000 0.000000 1.000000
0.999296 0.037433 -0.002649 0.579285 -0.037249 0.998002 0.051030 81.464935 0.004553 -0.050895 0.998694 1.079459 0.000000 0.000000 0.000000 1.000000
0.999294 0.037462 -0.002661 0.495357 -0.037274 0.997955 0.051928 81.438591 0.004601 -0.051792 0.998647 1.078078 0.000000 0.000000 0.000000 1.000000
0.999297 0.037397 -0.002694 0.406988 -0.037203 0.997912 0.052797 81.412468 0.004663 -0.052659 0.998602 1.072552 0.000000 0.000000 0.000000 1.000000
0.999305 0.037179 -0.002761 0.313900 -0.036977 0.997873 0.053687 81.390518 0.004751 -0.053548 0.998554 1.063015 0.000000 0.000000 0.000000 1.000000
0.999319 0.036801 -0.002840 0.216363 -0.036591 0.997839 0.054578 81.373795 0.004843 -0.054437 0.998505 1.049902 0.000000 0.000000 0.000000 1.000000
0.999335 0.036343 -0.002890 0.114779 -0.036127 0.997812 0.055370 81.360542 0.004896 -0.055229 0.998462 1.034080 0.000000 0.000000 0.000000 1.000000
0.999353 0.035836 -0.002897 0.009412 -0.035618 0.997799 0.055927 81.350052 0.004895 -0.055788 0.998431 1.016284 0.000000 0.000000 0.000000 1.000000
0.999373 0.035289 -0.002871 -0.099615 -0.035073 0.997806 0.056158 81.342735 0.004846 -0.056022 0.998418 0.997089 0.000000 0.000000 0.000000 1.000000
0.999394 0.034699 -0.002844 -0.212283 -0.034485 0.997833 0.056031 81.339935 0.004782 -0.055899 0.998425 0.976763 0.000000 0.000000 0.000000 1.000000
0.999415 0.034076 -0.002841 -0.328467 -0.033866 0.997881 0.055557 81.343040 0.004728 -0.055428 0.998451 0.954605 0.000000 0.000000 0.000000 1.000000
0.999435 0.033490 -0.002839 -0.447768 -0.033284 0.997938 0.054882 81.351303 0.004671 -0.054757 0.998489 0.929602 0.000000 0.000000 0.000000 1.000000
0.999452 0.032972 -0.002807 -0.569956 -0.032772 0.997997 0.054105 81.362450 0.004585 -0.053984 0.998531 0.900657 0.000000 0.000000 0.000000 1.000000
0.999469 0.032484 -0.002738 -0.695167 -0.032292 0.998057 0.053288 81.374664 0.004464 -0.053171 0.998575 0.866912 0.000000 0.000000 0.000000 1.000000
0.999487 0.031910 -0.002658 -0.823917 -0.031727 0.998119 0.052450 81.387444 0.004327 -0.052339 0.998620 0.827884 0.000000 0.000000 0.000000 1.000000
0.999515 0.031036 -0.002628 -0.957031 -0.030859 0.998194 0.051535 81.403748 0.004222 -0.051429 0.998668 0.783669 0.000000 0.000000 0.000000 1.000000
0.999552 0.029802 -0.002638 -1.094989 -0.029631 0.998283 0.050520 81.429573 0.004139 -0.050419 0.998720 0.735864 0.000000 0.000000 0.000000 1.000000
0.999596 0.028295 -0.002553 -1.237064 -0.028135 0.998379 0.049466 81.467621 0.003948 -0.049374 0.998773 0.686951 0.000000 0.000000 0.000000 1.000000
0.999641 0.026691 -0.002211 -1.382161 -0.026552 0.998472 0.048470 81.516861 0.003501 -0.048394 0.998822 0.639387 0.000000 0.000000 0.000000 1.000000
0.999681 0.025209 -0.001465 -1.529109 -0.025111 0.998549 0.047639 81.572456 0.002664 -0.047587 0.998864 0.595164 0.000000 0.000000 0.000000 1.000000
0.999712 0.023996 -0.000251 -1.677233 -0.023957 0.998606 0.047025 81.625412 0.001379 -0.047005 0.998894 0.554845 0.000000 0.000000 0.000000 1.000000
0.999736 0.022967 0.001188 -1.826861 -0.022998 0.998653 0.046502 81.671379 -0.000118 -0.046517 0.998917 0.517196 0.000000 0.000000 0.000000 1.000000
0.999755 0.021992 0.002611 -1.978616 -0.022089 0.998701 0.045919 81.712448 -0.001598 -0.045966 0.998942 0.481042 0.000000 0.000000 0.000000 1.000000
0.999773 0.020958 0.003854 -2.132962 -0.021111 0.998757 0.045153 81.752960 -0.002903 -0.045224 0.998973 0.445613 0.000000 0.000000 0.000000 1.000000
0.999792 0.019802 0.004845 -2.290140 -0.019996 0.998825 0.044136 81.797791 -0.003966 -0.044223 0.999014 0.410667 0.000000 0.000000 0.000000 1.000000
0.999812 0.018568 0.005606 -2.450429 -0.018791 0.998903 0.042893 81.848419 -0.004804 -0.042990 0.999064 0.376528 0.000000 0.000000 0.000000 1.000000
0.999830 0.017391 0.006191 -2.614382 -0.017634 0.998978 0.041609 81.900833 -0.005461 -0.041711 0.999115 0.344123 0.000000 0.000000 0.000000 1.000000
0.999844 0.016380 0.006559 -2.781829 -0.016632 0.999043 0.040461 81.949997 -0.005890 -0.040564 0.999160 0.314165 0.000000 0.000000 0.000000 1.000000
0.999857 0.015558 0.006686 -2.952252 -0.015811 0.999092 0.039568 81.992142 -0.006065 -0.039668 0.999194 0.286942 0.000000 0.000000 0.000000 1.000000
0.999868 0.014861 0.006587 -3.125045 -0.015107 0.999126 0.038971 82.025864 -0.006003 -0.039066 0.999219 0.262322 0.000000 0.000000 0.000000 1.000000
0.999880 0.014126 0.006335 -3.300658 -0.014360 0.999150 0.038636 82.054420 -0.005783 -0.038722 0.999233 0.240091 0.000000 0.000000 0.000000 1.000000
0.999894 0.013220 0.006059 -3.479726 -0.013443 0.999171 0.038438 82.084892 -0.005546 -0.038516 0.999243 0.220427 0.000000 0.000000 0.000000 1.000000
0.999910 0.012091 0.005802 -3.662176 -0.012305 0.999189 0.038331 82.121811 -0.005334 -0.038399 0.999248 0.204713 0.000000 0.000000 0.000000 1.000000
0.999927 0.010740 0.005560 -3.847792 -0.010945 0.999207 0.038287 82.166985 -0.005144 -0.038345 0.999251 0.194722 0.000000 0.000000 0.000000 1.000000
0.999944 0.009203 0.005301 -4.036307 -0.009399 0.999222 0.038291 82.219421 -0.004945 -0.038338 0.999253 0.192256 0.000000 0.000000 0.000000 1.000000
0.999959 0.007459 0.005055 -4.227358 -0.007648 0.999236 0.038327 82.275856 -0.004766 -0.038364 0.999252 0.198374 0.000000 0.000000 0.000000 1.000000
0.999972 0.005516 0.004970 -4.420826 -0.005703 0.999247 0.038386 82.334671 -0.004754 -0.038413 0.999251 0.211887 0.000000 0.000000 0.000000 1.000000
0.999981 0.003375 0.005205 -4.616290 -0.003573 0.999253 0.038468 82.396393 -0.005072 -0.038486 0.999246 0.230495 0.000000 0.000000 0.000000 1.000000
0.999983 0.001069 0.005817 -4.813332 -0.001293 0.999255 0.038566 82.462143 -0.005772 -0.038572 0.999239 0.251890 0.000000 0.000000 0.000000 1.000000
0.999976 -0.001339 0.006736 -5.011578 0.001078 0.999252 0.038659 82.533180 -0.006782 -0.038650 0.999230 0.274261 0.000000 0.000000 0.000000 1.000000
0.999962 -0.003792 0.007788 -5.210531 0.003488 0.999244 0.038726 82.610413 -0.007929 -0.038697 0.999220 0.297378 0.000000 0.000000 0.000000 1.000000
0.999942 -0.006263 0.008786 -5.410025 0.005918 0.999230 0.038780 82.693703 -0.009022 -0.038726 0.999209 0.323147 0.000000 0.000000 0.000000 1.000000
0.999915 -0.008764 0.009640 -5.609943 0.008383 0.999210 0.038835 82.780647 -0.009973 -0.038751 0.999199 0.353962 0.000000 0.000000 0.000000 1.000000
0.999883 -0.011298 0.010331 -5.810098 0.010888 0.999184 0.038900 82.866432 -0.010762 -0.038783 0.999190 0.391797 0.000000 0.000000 0.000000 1.000000
0.999845 -0.013852 0.010892 -6.010174 0.013417 0.999150 0.038977 82.944084 -0.011423 -0.038825 0.999181 0.437687 0.000000 0.000000 0.000000 1.000000
0.999802 -0.016348 0.011347 -6.209437 0.015894 0.999110 0.039062 83.005371 -0.011975 -0.038874 0.999172 0.490281 0.000000 0.000000 0.000000 1.000000
0.999756 -0.018728 0.011686 -6.407185 0.018258 0.999068 0.039101 83.046944 -0.012408 -0.038878 0.999167 0.545676 0.000000 0.000000 0.000000 1.000000
0.999708 -0.021029 0.011903 -6.603389 0.020550 0.999027 0.039011 83.071510 -0.012712 -0.038755 0.999168 0.599910 0.000000 0.000000 0.000000 1.000000
0.999655 -0.023334 0.012055 -6.798293 0.022851 0.998988 0.038751 83.084030 -0.012947 -0.038462 0.999176 0.649722 0.000000 0.000000 0.000000 1.000000
0.999593 -0.025749 0.012286 -6.992252 0.025262 0.998946 0.038334 83.090187 -0.013260 -0.038008 0.999189 0.692950 0.000000 0.000000 0.000000 1.000000
0.999515 -0.028348 0.012864 -7.185257 0.027844 0.998896 0.037835 83.093422 -0.013922 -0.037459 0.999201 0.729070 0.000000 0.000000 0.000000 1.000000
0.999421 -0.031054 0.013925 -7.376759 0.030515 0.998835 0.037375 83.091972 -0.015070 -0.036928 0.999204 0.759775 0.000000 0.000000 0.000000 1.000000
0.999311 -0.033743 0.015485 -7.565882 0.033151 0.998764 0.037042 83.082481 -0.016715 -0.036503 0.999194 0.787175 0.000000 0.000000 0.000000 1.000000
0.999189 -0.036287 0.017436 -7.751696 0.035624 0.998684 0.036889 83.062813 -0.018752 -0.036238 0.999167 0.812975 0.000000 0.000000 0.000000 1.000000
0.999064 -0.038560 0.019591 -7.933330 0.037818 0.998602 0.036928 83.032990 -0.020988 -0.036153 0.999126 0.838179 0.000000 0.000000 0.000000 1.000000
0.998944 -0.040423 0.021842 -8.110251 0.039594 0.998524 0.037172 82.997581 -0.023312 -0.036268 0.999070 0.862850 0.000000 0.000000 0.000000 1.000000
0.998833 -0.041832 0.024159 -8.280854 0.040908 0.998457 0.037552 82.961975 -0.025693 -0.036520 0.999003 0.885371 0.000000 0.000000 0.000000 1.000000
0.998736 -0.042694 0.026528 -8.445287 0.041671 0.998409 0.037975 82.926987 -0.028107 -0.036821 0.998927 0.904096 0.000000 0.000000 0.000000 1.000000
0.998658 -0.042990 0.028894 -8.603557 0.041869 0.998387 0.038336 82.890404 -0.030495 -0.037075 0.998847 0.917358 0.000000 0.000000 0.000000 1.000000
0.998599 -0.042782 0.031157 -8.755409 0.041571 0.998392 0.038536 82.847488 -0.032755 -0.037187 0.998771 0.923666 0.000000 0.000000 0.000000 1.000000
0.998562 -0.042138 0.033127 -8.901494 0.040855 0.998423 0.038505 82.792473 -0.034698 -0.037096 0.998709 0.922341 0.000000 0.000000 0.000000 1.000000
0.998547 -0.041244 0.034672 -9.042286 0.039911 0.998469 0.038306 82.722160 -0.036199 -0.036867 0.998664 0.913594 0.000000 0.000000 0.000000 1.000000
0.998554 -0.040199 0.035683 -9.178235 0.038838 0.998522 0.038030 82.637405 -0.037159 -0.036589 0.998639 0.898080 0.000000 0.000000 0.000000 1.000000
0.998582 -0.039066 0.036172 -9.309616 0.037697 0.998575 0.037774 82.541756 -0.037596 -0.036357 0.998631 0.877021 0.000000 0.000000 0.000000 1.000000
0.998624 -0.037874 0.036273 -9.436464 0.036507 0.998625 0.037630 82.440681 -0.037648 -0.036254 0.998633 0.852281 0.000000 0.000000 0.000000 1.000000
0.998676 -0.036591 0.036163 -9.558499 0.035227 0.998669 0.037683 82.339958 -0.037494 -0.036360 0.998635 0.827016 0.000000 0.000000 0.000000 1.000000
0.998729 -0.035217 0.036063 -9.674024 0.033845 0.998706 0.037948 82.239960 -0.037352 -0.036679 0.998629 0.804365 0.000000 0.000000 0.000000 1.000000
0.998777 -0.033779 0.036116 -9.782972 0.032388 0.998737 0.038417 82.136543 -0.037368 -0.037200 0.998609 0.785658 0.000000 0.000000 0.000000 1.000000
0.998814 -0.032337 0.036397 -9.887377 0.030912 0.998759 0.039041 82.025787 -0.037614 -0.037870 0.998575 0.770393 0.000000 0.000000 0.000000 1.000000
0.998839 -0.030969 0.036906 -9.989882 0.029499 0.998774 0.039741 81.905869 -0.038091 -0.038606 0.998528 0.756413 0.000000 0.000000 0.000000 1.000000
0.998849 -0.029759 0.037614 -10.086418 0.028234 0.998782 0.040458 81.782455 -0.038772 -0.039349 0.998473 0.740644 0.000000 0.000000 0.000000 1.000000
0.998849 -0.028700 0.038430 -10.153366 0.027113 0.998784 0.041181 81.668953 -0.039565 -0.040092 0.998412 0.721905 0.000000 0.000000 0.000000 1.000000
0.998842 -0.027783 0.039267 -10.178859 0.026133 0.998779 0.041916 81.577881 -0.040384 -0.040842 0.998349 0.701111 0.000000 0.000000 0.000000 1.000000
0.998834 -0.026993 0.040033 -10.165181 0.025281 0.998770 0.042663 81.519295 -0.041135 -0.041601 0.998287 0.679917 0.000000 0.000000 0.000000 1.000000
0.998828 -0.026307 0.040625 -10.126565 0.024540 0.998756 0.043405 81.499535 -0.041717 -0.042358 0.998231 0.660243 0.000000 0.000000 0.000000 1.000000
0.998832 -0.025710 0.040911 -10.073265 0.023901 0.998741 0.044097 81.518089 -0.041993 -0.043068 0.998189 0.643357 0.000000 0.000000 0.000000 1.000000
0.998847 -0.025143 0.040884 -10.003030 0.023311 0.998730 0.044670 81.565758 -0.041956 -0.043665 0.998165 0.629086 0.000000 0.000000 0.000000 1.000000
0.998875 -0.024515 0.040591 -9.914822 0.022682 0.998728 0.045031 81.627731 -0.041643 -0.044060 0.998161 0.616542 0.000000 0.000000 0.000000 1.000000
0.998913 -0.023748 0.040118 -9.808834 0.021932 0.998741 0.045105 81.689507 -0.041139 -0.044176 0.998176 0.604560 0.000000 0.000000 0.000000 1.000000
0.998957 -0.022791 0.039571 -9.686528 0.021012 0.998774 0.044825 81.739998 -0.040544 -0.043946 0.998211 0.591711 0.000000 0.000000 0.000000 1.000000
0.999005 -0.021674 0.038973 -9.549619 0.019952 0.998830 0.044043 81.779633 -0.039882 -0.043221 0.998269 0.575630 0.000000 0.000000 0.000000 1.000000
0.999055 -0.020582 0.038283 -9.399940 0.018944 0.998909 0.042681 81.822388 -0.039120 -0.041916 0.998355 0.553856 0.000000 0.000000 0.000000 1.000000
0.999104 -0.019701 0.037469 -9.239347 0.018175 0.999008 0.040645 81.880280 -0.038232 -0.039928 0.998471 0.524154 0.000000 0.000000 0.000000 1.000000
0.999149 -0.019127 0.036532 -9.069427 0.017738 0.999120 0.037997 81.959389 -0.037227 -0.037317 0.998610 0.486018 0.000000 0.000000 0.000000 1.000000
0.999192 -0.018846 0.035504 -8.891309 0.017604 0.999233 0.034974 82.058151 -0.036136 -0.034321 0.998757 0.441059 0.000000 0.000000 0.000000 1.000000
0.999235 -0.018718 0.034349 -8.705184 0.017622 0.999334 0.031940 82.165169 -0.034924 -0.031310 0.998899 0.393658 0.000000 0.000000 0.000000 1.000000
0.999285 -0.018547 0.032951 -8.511097 0.017586 0.999419 0.029200 82.262955 -0.033473 -0.028600 0.999030 0.348620 0.000000 0.000000 0.000000 1.000000
0.999348 -0.018231 0.031167 -8.309649 0.017396 0.999488 0.026866 82.343773 -0.031641 -0.026307 0.999153 0.308152 0.000000 0.000000 0.000000 1.000000
0.999423 -0.017756 0.028967 -8.101686 0.017036 0.999545 0.024907 82.408371 -0.029396 -0.024399 0.999270 0.272537 0.000000 0.000000 0.000000 1.000000
0.999502 -0.017175 0.026458 -7.888277 0.016563 0.999594 0.023179 82.463837 -0.026846 -0.022729 0.999381 0.240476 0.000000 0.000000 0.000000 1.000000
0.999577 -0.016548 0.023901 -7.671020 0.016034 0.999639 0.021563 82.511642 -0.024249 -0.021171 0.999482 0.210517 0.000000 0.000000 0.000000 1.000000
0.999639 -0.015931 0.021634 -7.451182 0.015498 0.999679 0.020022 82.553772 -0.021946 -0.019679 0.999565 0.182185 0.000000 0.000000 0.000000 1.000000
0.999684 -0.015327 0.019937 -7.229726 0.014957 0.999715 0.018594 82.592758 -0.020217 -0.018290 0.999628 0.155859 0.000000 0.000000 0.000000 1.000000
0.999712 -0.014727 0.018939 -7.007733 0.014400 0.999747 0.017277 82.632545 -0.019188 -0.017000 0.999671 0.131653 0.000000 0.000000 0.000000 1.000000
0.999727 -0.014111 0.018608 -6.786439 0.013814 0.999777 0.015997 82.678528 -0.018830 -0.015735 0.999699 0.109115 0.000000 0.000000 0.000000 1.000000
0.999731 -0.013494 0.018846 -6.567294 0.013222 0.999807 0.014524 82.737549 -0.019039 -0.014271 0.999717 0.086549 0.000000 0.000000 0.000000 1.000000
0.999730 -0.012861 0.019337 -6.350729 0.012616 0.999840 0.012709 82.811668 -0.019497 -0.012461 0.999732 0.063389 0.000000 0.000000 0.000000 1.000000
0.999729 -0.012104 0.019863 -6.135992 0.011895 0.999873 0.010599 82.896729 -0.019989 -0.010360 0.999747 0.041585 0.000000 0.000000 0.000000 1.000000
0.999731 -0.011138 0.020323 -5.921978 0.010970 0.999905 0.008384 82.984734 -0.020415 -0.008159 0.999758 0.024658 0.000000 0.000000 0.000000 1.000000
0.999735 -0.009940 0.020746 -5.707607 0.009810 0.999932 0.006351 83.064880 -0.020808 -0.006145 0.999765 0.017104 0.000000 0.000000 0.000000 1.000000
0.999735 -0.008651 0.021343 -5.492889 0.008551 0.999952 0.004738 83.125252 -0.021383 -0.004554 0.999761 0.022872 0.000000 0.000000 0.000000 1.000000
0.999725 -0.007504 0.022199 -5.278425 0.007429 0.999966 0.003446 83.160881 -0.022224 -0.003281 0.999748 0.042012 0.000000 0.000000 0.000000 1.000000
0.999710 -0.006556 0.023165 -5.063847 0.006504 0.999976 0.002294 83.175301 -0.023180 -0.002143 0.999729 0.072318 0.000000 0.000000 0.000000 1.000000
0.999696 -0.005703 0.023996 -4.848096 0.005677 0.999983 0.001144 83.176331 -0.024002 -0.001008 0.999711 0.110938 0.000000 0.000000 0.000000 1.000000
0.999691 -0.004712 0.024406 -4.629569 0.004714 0.999989 -0.000038 83.174538 -0.024406 0.000153 0.999702 0.155004 0.000000 0.000000 0.000000 1.000000
0.999702 -0.003310 0.024200 -4.406511 0.003336 0.999994 -0.001031 83.180305 -0.024197 0.001111 0.999707 0.202841 0.000000 0.000000 0.000000 1.000000
0.999722 -0.001538 0.023533 -4.178152 0.001576 0.999997 -0.001587 83.200493 -0.023531 0.001624 0.999722 0.252881 0.000000 0.000000 0.000000 1.000000
0.999745 0.000429 0.022571 -3.944752 -0.000393 0.999999 -0.001576 83.236900 -0.022572 0.001566 0.999744 0.303184 0.000000 0.000000 0.000000 1.000000
0.999767 0.002387 0.021468 -3.706695 -0.002365 0.999997 -0.001032 83.286469 -0.021471 0.000981 0.999769 0.351270 0.000000 0.000000 0.000000 1.000000
0.999785 0.004160 0.020335 -3.464154 -0.004158 0.999991 -0.000144 83.341774 -0.020335 0.000059 0.999793 0.394355 0.000000 0.000000 0.000000 1.000000
0.999801 0.005731 0.019129 -3.216315 -0.005749 0.999983 0.000888 83.391479 -0.019124 -0.000998 0.999817 0.430488 0.000000 0.000000 0.000000 1.000000
0.999816 0.007287 0.017751 -2.961692 -0.007322 0.999971 0.001909 83.429901 -0.017736 -0.002039 0.999841 0.458633 0.000000 0.000000 0.000000 1.000000
0.999830 0.008959 0.016114 -2.699059 -0.009006 0.999955 0.002817 83.458755 -0.016088 -0.002962 0.999866 0.478058 0.000000 0.000000 0.000000 1.000000
0.999841 0.010811 0.014169 -2.427520 -0.010863 0.999935 0.003556 83.481850 -0.014130 -0.003709 0.999893 0.488354 0.000000 0.000000 0.000000 1.000000
0.999847 0.012835 0.011889 -2.146537 -0.012885 0.999909 0.004119 83.503151 -0.011835 -0.004272 0.999921 0.489427 0.000000 0.000000 0.000000 1.000000
0.999846 0.015006 0.009153 -1.855910 -0.015048 0.999876 0.004586 83.522621 -0.009083 -0.004723 0.999948 0.481473 0.000000 0.000000 0.000000 1.000000
0.999834 0.017209 0.005942 -1.554699 -0.017239 0.999838 0.005125 83.535332 -0.005853 -0.005226 0.999969 0.464257 0.000000 0.000000 0.000000 1.000000
0.999811 0.019318 0.002263 -1.243142 -0.019331 0.999796 0.005878 83.537285 -0.002149 -0.005921 0.999980 0.436758 0.000000 0.000000 0.000000 1.000000
0.999773 0.021253 -0.001788 -0.921404 -0.021240 0.999750 0.006931 83.526222 0.001935 -0.006892 0.999974 0.398517 0.000000 0.000000 0.000000 1.000000
0.999718 0.022988 -0.006036 -0.589619 -0.022937 0.999702 0.008300 83.501778 0.006225 -0.008159 0.999947 0.350031 0.000000 0.000000 0.000000 1.000000
0.999645 0.024578 -0.010309 -0.249276 -0.024475 0.999651 0.009974 83.465065 0.010551 -0.009718 0.999897 0.293608 0.000000 0.000000 0.000000 1.000000
0.999554 0.026133 -0.014464 0.097606 -0.025962 0.999593 0.011831 83.417625 0.014767 -0.011451 0.999825 0.231866 0.000000 0.000000 0.000000 1.000000
0.999447 0.027696 -0.018417 0.449205 -0.027445 0.999529 0.013736 83.360779 0.018788 -0.013223 0.999736 0.165752 0.000000 0.000000 0.000000 1.000000
0.999326 0.029284 -0.022156 0.803605 -0.028943 0.999460 0.015548 83.296188 0.022600 -0.014896 0.999634 0.094916 0.000000 0.000000 0.000000 1.000000
0.999191 0.030898 -0.025748 1.158828 -0.030463 0.999389 0.017138 83.225983 0.026262 -0.016340 0.999522 0.018028 0.000000 0.000000 0.000000 1.000000
0.999038 0.032595 -0.029322 1.512871 -0.032063 0.999316 0.018423 83.153114 0.029902 -0.017466 0.999400 -0.066002 0.000000 0.000000 0.000000 1.000000
0.998862 0.034459 -0.032977 1.863696 -0.033828 0.999237 0.019504 83.079750 0.033624 -0.018367 0.999266 -0.155639 0.000000 0.000000 0.000000 1.000000
0.998659 0.036552 -0.036669 2.209649 -0.035817 0.999148 0.020503 83.005020 0.037387 -0.019162 0.999117 -0.248424 0.000000 0.000000 0.000000 1.000000
0.998432 0.038880 -0.040285 2.548789 -0.038035 0.999044 0.021538 82.926247 0.041084 -0.019972 0.998956 -0.341984 0.000000 0.000000 0.000000 1.000000
0.998187 0.041395 -0.043685 2.878815 -0.040431 0.998924 0.022714 82.839195 0.044579 -0.020907 0.998787 -0.434373 0.000000 0.000000 0.000000 1.000000
0.997932 0.044058 -0.046809 3.197020 -0.042966 0.998786 0.024096 82.737572 0.047813 -0.022035 0.998613 -0.524448 0.000000 0.000000 0.000000 1.000000
0.997660 0.046782 -0.049863 3.500783 -0.045545 0.998632 0.025670 82.617897 0.050996 -0.023339 0.998426 -0.611157 0.000000 0.000000 0.000000 1.000000
0.997364 0.049449 -0.053105 3.787559 -0.048044 0.998469 0.027415 82.484131 0.054379 -0.024792 0.998213 -0.693560 0.000000 0.000000 0.000000 1.000000
0.997040 0.051935 -0.056692 4.054675 -0.050336 0.998303 0.029282 82.342827 0.058116 -0.026341 0.997962 -0.771014 0.000000 0.000000 0.000000 1.000000
0.996692 0.054120 -0.060632 4.299440 -0.052302 0.998144 0.031189 82.202332 0.062207 -0.027914 0.997673 -0.843073 0.000000 0.000000 0.000000 1.000000
0.996339 0.055891 -0.064694 4.519544 -0.053838 0.998003 0.033048 82.073990 0.066412 -0.029444 0.997358 -0.908749 0.000000 0.000000 0.000000 1.000000
0.996007 0.057301 -0.068464 4.712849 -0.055018 0.997879 0.034791 81.974602 0.070313 -0.030886 0.997047 -0.965787 0.000000 0.000000 0.000000 1.000000
0.995727 0.058337 -0.071583 4.877650 -0.055845 0.997778 0.036329 81.897720 0.073544 -0.032176 0.996773 -1.011874 0.000000 0.000000 0.000000 1.000000
0.995522 0.058990 -0.073869 5.012008 -0.056331 0.997705 0.037579 81.833832 0.075916 -0.033249 0.996560 -1.045326 0.000000 0.000000 0.000000 1.000000
0.995396 0.059265 -0.075329 5.113666 -0.056489 0.997662 0.038467 81.775017 0.077433 -0.034035 0.996416 -1.065527 0.000000 0.000000 0.000000 1.000000
0.995352 0.059090 -0.076043 5.179905 -0.056258 0.997660 0.038863 81.721046 0.078161 -0.034404 0.996347 -1.074347 0.000000 0.000000 0.000000 1.000000
0.995365 0.058526 -0.076306 5.207355 -0.055689 0.997694 0.038793 81.679703 0.078400 -0.034364 0.996330 -1.075087 0.000000 0.000000 0.000000 1.000000
0.995424 0.057607 -0.076243 5.194788 -0.054808 0.997762 0.038301 81.658501 0.078279 -0.033947 0.996353 -1.070805 0.000000 0.000000 0.000000 1.000000
0.995519 0.056391 -0.075911 5.142495 -0.053664 0.997855 0.037498 81.663025 0.077863 -0.033257 0.996409 -1.063610 0.000000 0.000000 0.000000 1.000000
0.995646 0.054944 -0.075300 5.052147 -0.052307 0.997962 0.036553 81.695953 0.077155 -0.032455 0.996491 -1.054448 0.000000 0.000000 0.000000 1.000000
0.995815 0.053228 -0.074289 4.926616 -0.050694 0.998080 0.035592 81.755409 0.076041 -0.031677 0.996601 -1.043112 0.000000 0.000000 0.000000 1.000000
0.996025 0.051223 -0.072879 4.767927 -0.048799 0.998207 0.034664 81.836182 0.074524 -0.030970 0.996738 -1.028722 0.000000 0.000000 0.000000 1.000000
0.996271 0.048911 -0.071076 4.578081 -0.046604 0.998343 0.033751 81.932709 0.072609 -0.030313 0.996900 -1.010556 0.000000 0.000000 0.000000 1.000000
0.996543 0.046354 -0.068945 4.359366 -0.044174 0.998485 0.032812 82.038788 0.070361 -0.029653 0.997081 -0.988333 0.000000 0.000000 0.000000 1.000000
0.996822 0.043698 -0.066612 4.114392 -0.041652 0.998626 0.031793 82.147575 0.067910 -0.028918 0.997272 -0.962288 0.000000 0.000000 0.000000 1.000000
0.997085 0.041135 -0.064255 3.846353 -0.039229 0.998760 0.030640 82.250702 0.065436 -0.028030 0.997463 -0.933311 0.000000 0.000000 0.000000 1.000000
0.997316 0.038768 -0.062117 3.558095 -0.036999 0.998883 0.029384 82.341423 0.063187 -0.027007 0.997636 -0.901712 0.000000 0.000000 0.000000 1.000000
0.997501 0.036613 -0.060419 3.251479 -0.034966 0.998993 0.028099 82.416428 0.061387 -0.025916 0.997778 -0.866767 0.000000 0.000000 0.000000 1.000000
0.997642 0.034624 -0.059266 2.928267 -0.033080 0.999092 0.026852 82.475822 0.060142 -0.024828 0.997881 -0.827343 0.000000 0.000000 0.000000 1.000000
0.997743 0.032722 -0.058633 2.590263 -0.031259 0.999181 0.025699 82.523445 0.059426 -0.023808 0.997949 -0.782244 0.000000 0.000000 0.000000 1.000000
0.997816 0.030855 -0.058399 2.239563 -0.029456 0.999262 0.024655 82.568504 0.059117 -0.022881 0.997989 -0.731229 0.000000 0.000000 0.000000 1.000000
0.997882 0.028954 -0.058246 1.878387 -0.027612 0.999337 0.023717 82.621223 0.058895 -0.022059 0.998020 -0.675863 0.000000 0.000000 0.000000 1.000000
0.997958 0.026931 -0.057910 1.508734 -0.025639 0.999408 0.022940 82.685410 0.058494 -0.021408 0.998058 -0.618115 0.000000 0.000000 0.000000 1.000000
0.998055 0.024727 -0.057231 1.132523 -0.023479 0.999474 0.022374 82.758530 0.057754 -0.020987 0.998110 -0.560046 0.000000 0.000000 0.000000 1.000000
0.998171 0.022325 -0.056173 0.751670 -0.021114 0.999534 0.022060 82.831902 0.056639 -0.020834 0.998177 -0.503489 0.000000 0.000000 0.000000 1.000000
0.998300 0.019781 -0.054822 0.368757 -0.018596 0.999584 0.022041 82.891533 0.055235 -0.020984 0.998253 -0.449089 0.000000 0.000000 0.000000 1.000000
0.998425 0.017228 -0.053400 -0.013536 -0.016059 0.999624 0.022234 82.929695 0.053763 -0.021341 0.998326 -0.396119 0.000000 0.000000 0.000000 1.000000
0.998536 0.014724 -0.052045 -0.392843 -0.013568 0.999655 0.022507 82.947411 0.052359 -0.021768 0.998391 -0.343260 0.000000 0.000000 0.000000 1.000000
0.998633 0.012264 -0.050809 -0.767119 -0.011121 0.999680 0.022721 82.950310 0.051072 -0.022124 0.998450 -0.289097 0.000000 0.000000 0.000000 1.000000
0.998718 0.009786 -0.049659 -1.134628 -0.008665 0.999704 0.022746 82.947220 0.049867 -0.022286 0.998507 -0.232330 0.000000 0.000000 0.000000 1.000000
0.998798 0.007222 -0.048479 -1.493595 -0.006135 0.999727 0.022536 82.948250 0.048629 -0.022211 0.998570 -0.172023 0.000000 0.000000 0.000000 1.000000
0.998877 0.004604 -0.047160 -1.841223 -0.003560 0.999747 0.022198 82.957405 0.047250 -0.022005 0.998641 -0.108463 0.000000 0.000000 0.000000 1.000000
0.998957 0.001977 -0.045618 -2.174377 -0.000983 0.999762 0.021808 82.972786 0.045650 -0.021741 0.998721 -0.043728 0.000000 0.000000 0.000000 1.000000
0.999039 -0.000640 -0.043827 -2.491183 0.001580 0.999770 0.021402 82.991013 0.043803 -0.021451 0.998810 0.019067 0.000000 0.000000 0.000000 1.000000
0.999120 -0.003269 -0.041814 -2.791681 0.004149 0.999772 0.020968 83.009033 0.041736 -0.021124 0.998905 0.076150 0.000000 0.000000 0.000000 1.000000
0.999197 -0.005987 -0.039621 -3.079713 0.006801 0.999768 0.020437 83.028442 0.039489 -0.020690 0.999006 0.123698 0.000000 0.000000 0.000000 1.000000
0.999263 -0.008782 -0.037363 -3.359943 0.009527 0.999758 0.019807 83.055931 0.037180 -0.020148 0.999105 0.160253 0.000000 0.000000 0.000000 1.000000
0.999315 -0.011498 -0.035181 -3.633670 0.012178 0.999742 0.019178 83.095581 0.034952 -0.019594 0.999197 0.186500 0.000000 0.000000 0.000000 1.000000
0.999351 -0.013938 -0.033210 -3.900387 0.014564 0.999719 0.018683 83.146431 0.032940 -0.019155 0.999274 0.204186 0.000000 0.000000 0.000000 1.000000
0.999375 -0.015910 -0.031563 -4.158452 0.016497 0.999694 0.018448 83.201996 0.031260 -0.018957 0.999331 0.215739 0.000000 0.000000 0.000000 1.000000
0.999390 -0.017294 -0.030339 -4.407357 0.017861 0.999669 0.018516 83.249237 0.030009 -0.019046 0.999368 0.223743 0.000000 0.000000 0.000000 1.000000
0.999398 -0.018328 -0.029443 -4.648079 0.018884 0.999646 0.018732 83.279465 0.029089 -0.019277 0.999391 0.229332 0.000000 0.000000 0.000000 1.000000
0.999400 -0.019261 -0.028781 -4.882059 0.019813 0.999623 0.019010 83.292831 0.028404 -0.019569 0.999405 0.232736 0.000000 0.000000 0.000000 1.000000
0.999395 -0.020284 -0.028246 -5.110337 0.020834 0.999596 0.019322 83.293350 0.027843 -0.019899 0.999414 0.233338 0.000000 0.000000 0.000000 1.000000
0.999385 -0.021485 -0.027728 -5.333298 0.022035 0.999563 0.019693 83.287315 0.027293 -0.020291 0.999422 0.229664 0.000000 0.000000 0.000000 1.000000
0.999373 -0.022758 -0.027139 -5.550368 0.023309 0.999525 0.020177 83.279968 0.026667 -0.020797 0.999428 0.219062 0.000000 0.000000 0.000000 1.000000
0.999366 -0.023863 -0.026409 -5.760244 0.024414 0.999487 0.020736 83.271530 0.025901 -0.021368 0.999436 0.198335 0.000000 0.000000 0.000000 1.000000
0.999373 -0.024597 -0.025458 -5.962104 0.025142 0.999457 0.021295 83.258545 0.024921 -0.021922 0.999449 0.165789 0.000000 0.000000 0.000000 1.000000
0.999397 -0.024870 -0.024240 -6.155418 0.025399 0.999440 0.021792 83.236336 0.023685 -0.022394 0.999469 0.121386 0.000000 0.000000 0.000000 1.000000
0.999436 -0.024719 -0.022739 -6.340050 0.025224 0.999435 0.022199 83.200317 0.022178 -0.022760 0.999495 0.066799 0.000000 0.000000 0.000000 1.000000
0.999487 -0.024266 -0.020907 -6.516909 0.024737 0.999439 0.022564 83.149208 0.020347 -0.023069 0.999527 0.005463 0.000000 0.000000 0.000000 1.000000
0.999542 -0.023736 -0.018765 -6.687053 0.024166 0.999443 0.022998 83.087608 0.018208 -0.023441 0.999559 -0.059402 0.000000 0.000000 0.000000 1.000000
0.999596 -0.023261 -0.016314 -6.851139 0.023642 0.999442 0.023576 83.021820 0.015756 -0.023952 0.999589 -0.125775 0.000000 0.000000 0.000000 1.000000
0.999646 -0.022879 -0.013593 -7.009448 0.023204 0.999435 0.024301 82.957352 0.013029 -0.024608 0.999612 -0.192288 0.000000 0.000000 0.000000 1.000000
0.999689 -0.022535 -0.010667 -7.161845 0.022797 0.999425 0.025108 82.898468 0.010095 -0.025344 0.999628 -0.258055 0.000000 0.000000 0.000000 1.000000
0.999728 -0.022074 -0.007517 -7.307636 0.022262 0.999417 0.025878 82.849083 0.006941 -0.026038 0.999637 -0.322016 0.000000 0.000000 0.000000 1.000000
0.999763 -0.021405 -0.004045 -7.446216 0.021505 0.999416 0.026554 82.813026 0.003474 -0.026634 0.999639 -0.382434 0.000000 0.000000 0.000000 1.000000
0.999789 -0.020519 -0.000055 -7.577593 0.020513 0.999420 0.027167 82.788429 -0.000502 -0.027162 0.999631 -0.437532 0.000000 0.000000 0.000000 1.000000
0.999800 -0.019480 0.004569 -7.702030 0.019346 0.999427 0.027787 82.767754 -0.005108 -0.027694 0.999603 -0.485826 0.000000 0.000000 0.000000 1.000000
0.999782 -0.018415 0.009833 -7.819985 0.018128 0.999429 0.028509 82.738861 -0.010352 -0.028324 0.999545 -0.526341 0.000000 0.000000 0.000000 1.000000
0.999725 -0.017472 0.015646 -7.932148 0.017006 0.999422 0.029426 82.688072 -0.016151 -0.029152 0.999445 -0.559097 0.000000 0.000000 0.000000 1.000000
0.999626 -0.016740 0.021645 -8.039277 0.016075 0.999405 0.030530 82.614960 -0.022144 -0.030171 0.999299 -0.585643 0.000000 0.000000 0.000000 1.000000
0.999489 -0.016285 0.027518 -8.141781 0.015409 0.999377 0.031752 82.529434 -0.028018 -0.031312 0.999117 -0.608048 0.000000 0.000000 0.000000 1.000000
0.999324 -0.016109 0.033060 -8.239869 0.015018 0.999343 0.032974 82.443756 -0.033570 -0.032456 0.998909 -0.628756 0.000000 0.000000 0.000000 1.000000
0.999140 -0.016158 0.038197 -8.333542 0.014859 0.999310 0.034043 82.369370 -0.038720 -0.033447 0.998690 -0.650419 0.000000 0.000000 0.000000 1.000000
0.998942 -0.016379 0.042967 -8.422336 0.014888 0.999283 0.034802 82.310745 -0.043506 -0.034126 0.998470 -0.675777 0.000000 0.000000 0.000000 1.000000
0.998731 -0.016708 0.047503 -8.506031 0.015039 0.999265 0.035266 82.263458 -0.048057 -0.034507 0.998248 -0.705610 0.000000 0.000000 0.000000 1.000000
0.998510 -0.017146 0.051801 -8.584588 0.015317 0.999253 0.035492 82.222931 -0.052370 -0.034645 0.998027 -0.739121 0.000000 0.000000 0.000000 1.000000
0.998284 -0.017691 0.055820 -8.658046 0.015719 0.999244 0.035566 82.186165 -0.056407 -0.034628 0.997807 -0.774533 0.000000 0.000000 0.000000 1.000000
0.998060 -0.018313 0.059499 -8.726406 0.016214 0.999235 0.035582 82.152260 -0.060105 -0.034549 0.997594 -0.809408 0.000000 0.000000 0.000000 1.000000
0.997852 -0.018889 0.062721 -8.789165 0.016680 0.999228 0.035562 82.122185 -0.063344 -0.034439 0.997397 -0.841366 0.000000 0.000000 0.000000 1.000000
0.997663 -0.019232 0.065560 -8.845088 0.016932 0.999227 0.035467 82.096962 -0.066192 -0.034274 0.997218 -0.869073 0.000000 0.000000 0.000000 1.000000
0.997490 -0.019222 0.068143 -8.893604 0.016848 0.999237 0.035243 82.077927 -0.068768 -0.034006 0.997053 -0.891588 0.000000 0.000000 0.000000 1.000000
0.997325 -0.018867 0.070623 -8.934879 0.016435 0.999257 0.034867 82.066956 -0.071229 -0.033613 0.996893 -0.907500 0.000000 0.000000 0.000000 1.000000
0.997153 -0.018310 0.073153 -8.969753 0.015828 0.999284 0.034357 82.066261 -0.073730 -0.033101 0.996729 -0.914809 0.000000 0.000000 0.000000 1.000000
0.996968 -0.017756 0.075760 -8.999534 0.015234 0.999314 0.033744 82.078171 -0.076307 -0.032487 0.996555 -0.910893 0.000000 0.000000 0.000000 1.000000
0.996776 -0.017335 0.078337 -9.023067 0.014780 0.999343 0.033081 82.102425 -0.078859 -0.031816 0.996378 -0.893860 0.000000 0.000000 0.000000 1.000000
